Add data point (0.575359625890133, 5.124494454374191)
Posterior mean:
	0.05049912163683624
	0.02905515573275041
	0.016717163532574835
	0.00961838095604643

Posterior variance:
0.009900990099009901, 1.7380433992964144, 3.0207948578378354, 5.2502725632936
1.7380433992964144, 0.009967005355132699, 5.2502725632936, 9.125201573139506
3.0207948578378354, 5.2502725632936, 0.009989053334050774, 15.859996361444376
5.2502725632936, 9.125201573139506, 15.859996361444376, 0.00999637357435089
Predictive distribution ~ N(0.07458229069056752, 1.0145540777445676)

Add data point (-0.46630048341795827, 0.6094879214119568)
Posterior mean:
	0.10546467702646468
	0.05521981822066156
	0.03431739396886243
	0.0185575766352776

Posterior variance:
0.00980392156862745, 9.169336722550694, 1.8232376896430267, 11.226403217625888
9.169336722550694, 0.009945451699708688, 11.226403217625888, 6.374904473679762
1.8232376896430267, 11.226403217625888, 0.009984338058554795, 24.386829178873754
11.226403217625888, 6.374904473679762, 24.386829178873754, 0.009995346420443725
Predictive distribution ~ N(0.08529592739043504, 1.0125303160797419)

Add data point (-0.9773197763488108, -1.7287006537590175)
Posterior mean:
	0.14195987574304628
	0.09833561197714752
	0.03479200315410858
	0.04387781888552502

Posterior variance:
0.009708737864077669, -1.1517279040225168, 0.665057765489947, -1.1842516571055917
-1.1517279040225168, 0.00985186452906379, -1.1842516571055917, 0.9352925738277118
0.665057765489947, -1.1842516571055917, 0.009894212646149248, -1.1756107080361622
-1.1842516571055917, 0.9352925738277118, -1.1756107080361622, 0.00990903872944546
Predictive distribution ~ N(0.03812671449885856, 1.035728587269919)

Add data point (-0.7737264314029644, -1.347604505768217)
Posterior mean:
	0.16482642490120786
	0.15111948363667427
	0.027465288687964568
	0.07485950915889068

Posterior variance:
0.009615384615384616, -0.6090181957856764, 0.47567371879662873, -0.764754924398573
-0.6090181957856764, 0.009794100450302781, -0.764754924398573, 0.7004914961199262
0.47567371879662873, -0.764754924398573, 0.00985925236185639, -0.8865927268958076
-0.764754924398573, 0.7004914961199262, -0.8865927268958076, 0.009888017150378623
Predictive distribution ~ N(0.02966902681236045, 1.0203009480977747)

Add data point (-0.7868387030374264, 0.11400109159592253)
Posterior mean:
	0.189271281094496
	0.2017858162022331
	0.021456407333054154
	0.10444479106244373

Posterior variance:
0.009523809523809525, -0.41172158705023804, 0.36745839589788387, -0.5571799810788293
-0.41172158705023804, 0.009735070139949798, -0.5571799810788293, 0.5522199503050867
0.36745839589788387, -0.5571799810788293, 0.009822133668601166, -0.6995395777797316
-0.5571799810788293, 0.5522199503050867, -0.6995395777797316, 0.009864869078616851
Predictive distribution ~ N(-0.007097250048513831, 1.0205076920086098)

Add data point (-0.18304981287386135, 0.6411938549952793)
Posterior mean:
	0.2187661790240887
	0.25037353036787796
	0.016180217926938505
	0.13318176573424975

Posterior variance:
0.009433962264150943, -0.3828666293300421, 0.36298908751122133, -0.5552823262373598
-0.3828666293300421, 0.009731895641593023, -0.5552823262373598, 0.5518777879988636
0.36298908751122133, -0.5552823262373598, 0.009822025354737456, -0.699439021639553
-0.5552823262373598, 0.5518777879988636, -0.699439021639553, 0.009864865417629518
Predictive distribution ~ N(0.1726606360736311, 1.0096803926777194)

Add data point (-0.5040767511568496, 0.7468283453142044)
Posterior mean:
	0.25444694458463357
	0.2947962523718896
	0.012844582961734506
	0.16049144485003747

Posterior variance:
0.009345794392523364, -0.3209291713543457, 0.3323366418436962, -0.5184118479104686
-0.3209291713543457, 0.009707889872783008, -0.5184118479104686, 0.5328903047420214
0.3323366418436962, -0.5184118479104686, 0.00981580072599101, -0.6838719127668149
-0.5184118479104686, 0.5328903047420214, -0.6838719127668149, 0.009863269200171344
Predictive distribution ~ N(0.08855457554974132, 1.0120986288923155)

Add data point (0.11058342782800823, 0.953767540515633)
Posterior mean:
	0.29546079698406846
	0.3392791669100674
	0.009661210029315474
	0.18734707121539287

Posterior variance:
0.009259259259259259, -0.33273785407712014, 0.33099147815524993, -0.5187755322050814
-0.33273785407712014, 0.009706737539187207, -0.5187755322050814, 0.5328478426661117
0.33099147815524993, -0.5187755322050814, 0.009815786317748145, -0.6838796467760366
-0.5187755322050814, 0.5328478426661117, -0.6838796467760366, 0.009863269022268844
Predictive distribution ~ N(0.33335094198784926, 1.0094498079689593)

Add data point (-0.03862514641511283, 1.199671643009379)
Posterior mean:
	0.34328582105026684
	0.38298046083771525
	0.0063387632856337075
	0.21388743066765123

Posterior variance:
0.009174311926605505, -0.32851575373246533, 0.33082811297452497, -0.5187600241832918
-0.32851575373246533, 0.009706596973098067, -0.5187600241832918, 0.5328472107106621
0.33082811297452497, -0.5187600241832918, 0.009815786103295832, -0.6838796065682631
-0.5187600241832918, 0.5328472107106621, -0.6838796065682631, 0.009863269021945799
Predictive distribution ~ N(0.32849027624112814, 1.0091852982078748)

Add data point (-0.545420801221727, 1.0055491267193255)
Posterior mean:
	0.39676183972087803
	0.42186249850964425
	0.005144499241721797
	0.23894259917070101

Posterior variance:
0.00909090909090909, -0.2785969416154799, 0.30118653286984404, -0.4784855037528222
-0.2785969416154799, 0.009678649332675891, -0.4784855037528222, 0.5088521898078966
0.30118653286984404, -0.4784855037528222, 0.009807266882622151, -0.6620264839925892
-0.4784855037528222, 0.5088521898078966, -0.6620264839925892, 0.009860708554941018
Predictive distribution ~ N(0.1294302993992263, 1.0124572369650364)

Add data point (-0.1899629187368912, 1.1551247883907332)
Posterior mean:
	0.4543110707998975
	0.45953233043947844
	0.00352254163010772
	0.2640272315230265

Posterior variance:
0.009009009009009009, -0.2645938195703564, 0.29794825536141856, -0.4769211970305438
-0.2645938195703564, 0.009675270120031573, -0.4769211970305438, 0.5085152355471975
0.29794825536141856, -0.4769211970305438, 0.009807141636070792, -0.6619180853659795
-0.4769211970305438, 0.5085152355471975, -0.6619180853659795, 0.009860703985858017
Predictive distribution ~ N(0.3653341794968593, 1.0092467835595635)

Add data point (0.9578687197755267, 10.887201296017718)
Posterior mean:
	0.5940680579715217
	0.5871427561790732
	0.08546155675777904
	0.3712192089465076

Posterior variance:
0.008928571428571428, -0.3544202701046738, 0.23398381011881259, -0.8210679805537872
-0.3544202701046738, 0.009590136739190592, -0.8210679805537869, 0.35608242117195904
0.23398381011881259, -0.8210679805537869, 0.00972683747097207, -1.419649664293987
-0.8210679805537872, 0.35608242117195904, -1.419649664293987, 0.009786169612055652
Predictive distribution ~ N(1.5611342013644722, 1.0333139390768324)

Add data point (-0.03145814609811981, 0.5337084291195248)
Posterior mean:
	0.7187181875970232
	0.7110529353492699
	0.16215607205845187
	0.4747281047820976

Posterior variance:
0.008849557522123894, -0.35051226700952165, 0.23392964280285666, -0.8210469937401224
-0.35051226700952165, 0.009590045724451702, -0.8210469937401222, 0.35608229699717386
0.23392964280285666, -0.8210469937401222, 0.009726837378315588, -1.4196496022030842
-0.8210469937401224, 0.35608229699717386, -1.4196496022030842, 0.009786169611962835
Predictive distribution ~ N(0.6964954735722702, 1.008864317576772)

Add data point (-0.7027977022830341, 0.24701015281682803)
Posterior mean:
	0.8311141970713385
	0.8305627765403255
	0.2345794039587352
	0.574295785447391

Posterior variance:
0.008771929824561403, -0.28123344154189533, 0.20970013291732942, -0.6389424582585995
-0.28123344154189533, 0.009544834139733411, -0.6389424582585994, 0.3276216777880121
0.20970013291732942, -0.6389424582585994, 0.009703810487954543, -1.1417418044585672
-0.6389424582585995, 0.3276216777880121, -1.1417418044585672, 0.009774643159911955
Predictive distribution ~ N(0.1639063584451014, 1.0159355066725102)

Add data point (0.153502454183418, -0.311567023765404)
Posterior mean:
	0.9195405344638767
	0.9438338707322488
	0.30298370873003916
	0.6701295749562571

Posterior variance:
0.008695652173913044, -0.29392206394213594, 0.2086690646482372, -0.6404225011477389
-0.29392206394213594, 0.009542687941886679, -0.6404225011477389, 0.32756209407512804
0.2086690646482372, -0.6404225011477389, 0.00970375820699304, -1.1418529148517442
-0.6404225011477389, 0.32756209407512804, -1.1418529148517442, 0.009774641909958883
Predictive distribution ~ N(1.073984400637295, 1.0090195815389322)

Add data point (0.40321927506687705, 1.5055392749725305)
Posterior mean:
	0.997957992469668
	1.0526535749009176
	0.36810490891471764
	0.7622936548798543

Posterior variance:
0.008620689655172414, -0.3334396816692181, 0.20182192809434574, -0.6684887612757976
-0.3334396816692181, 0.009527905345307498, -0.6684887612757975, 0.3247501406401797
0.20182192809434574, -0.6684887612757975, 0.009701269729689257, -1.1559213198188774
-0.6684887612757976, 0.3247501406401797, -1.1559213198188774, 0.009774231298395929
Predictive distribution ~ N(1.532231064381991, 1.0105730182799364)

Add data point (-0.06897467088789733, 1.003879241881407)
Posterior mean:
	1.0668636712177413
	1.1565841974646884
	0.4302201614008614
	0.8507815679208606

Posterior variance:
0.008547008547008548, -0.325943345762782, 0.20162833084629617, -0.6683421518564744
-0.325943345762782, 0.009527473473895945, -0.6683421518564744, 0.324747753631209
0.20162833084629617, -0.6683421518564744, 0.009701267599512647, -1.1559192338686153
-0.6683421518564744, 0.324747753631209, -1.1559192338686153, 0.00977423128810859
Predictive distribution ~ N(0.9888562497858816, 1.0085803770874864)

Add data point (0.5116167304137669, 3.200884060085495)
Posterior mean:
	1.1369353652584837
	1.261676642606411
	0.49231494122294733
	0.9371821760919218

Posterior variance:
0.00847457627118644, -0.3911749200097988, 0.19152053687076445, -0.7340402738055922
-0.3911749200097988, 0.00950377265983501, -0.7340402738055921, 0.31767946540517183
0.19152053687076445, -0.7340402738055921, 0.009694823720868955, -1.2047329613968485
-0.7340402738055922, 0.31767946540517183, -1.2047329613968485, 0.00977251828744602
Predictive distribution ~ N(2.03679869896977, 1.0118341834368543)

Add data point (-0.8689974229752806, 0.006388417702454019)
Posterior mean:
	1.1987153639304937
	1.3594333329644328
	0.5530865046392497
	1.0183887245373557

Posterior variance:
0.008403361344537815, -0.2919368330902969, 0.16732120813401916, -0.4954045918948904
-0.2919368330902969, 0.009436051665492714, -0.4954045918948904, 0.26895541441625975
0.16732120813401916, -0.4954045918948904, 0.009641519774013852, -0.754366767449095
-0.4954045918948904, 0.26895541441625975, -0.754366767449095, 0.00973156393501105
Predictive distribution ~ N(-0.23325810481890125, 1.023218139305353)

Add data point (0.03598326639715421, 1.1049303433113091)
Posterior mean:
	1.2500007588516202
	1.4516628891655967
	0.6115066992409862
	1.0958392534237642

Posterior variance:
0.008333333333333333, -0.2950361407902337, 0.16728496639127313, -0.49541602678069707
-0.2950361407902337, 0.009435936379516258, -0.49541602678069707, 0.26895529314364996
0.16728496639127313, -0.49541602678069707, 0.009641519618168693, -0.754366801778639
-0.49541602678069707, 0.26895529314364996, -0.754366801778639, 0.009731563934805475
Predictive distribution ~ N(1.3030791636234063, 1.0083959662874407)

Add data point (-0.07982753127822284, 1.4580602331121968)
Posterior mean:
	1.2959694770311705
	1.538429988733519
	0.6678331204887865
	1.1696994608584974

Posterior variance:
0.008264462809917356, -0.28824733754856274, 0.16710682841783314, -0.49529120546258415
-0.28824733754856274, 0.009435369031824802, -0.49529120546258415, 0.26895235572232895
0.16710682841783314, -0.49529120546258415, 0.009641515843302141, -0.7543649570709139
-0.49529120546258415, 0.26895235572232895, -0.7543649570709139, 0.009731563910298965
Predictive distribution ~ N(1.1768211108441993, 1.0083108517237342)

Add data point (0.7957941748513417, 8.293020228476273)
Posterior mean:
	1.371981297305994
	1.65483350776863
	0.7486396331482619
	1.2619416329817528

Posterior variance:
0.00819672131147541, -0.374048706649755, 0.15111482809969448, -0.660045507427683
-0.374048706649755, 0.009379324664405674, -0.660045507427683, 0.2427664802850577
0.15111482809969448, -0.660045507427683, 0.009604377922708641, -0.9935797381800859
-0.660045507427683, 0.2427664802850577, -0.9935797381800859, 0.009707570183299662
Predictive distribution ~ N(3.7989701199966204, 1.020156819071743)

Add data point (-0.7912158995894685, -2.057142718337129)
Posterior mean:
	1.4189251416807096
	1.7766073857741227
	0.8144853446905939
	1.3571253475988965

Posterior variance:
0.008130081300813009, -0.2886282332012061, 0.13805467656393697, -0.49742184118053945
-0.2886282332012061, 0.009324573851223029, -0.49742184118053945, 0.22167595779559154
0.13805467656393697, -0.49742184118053945, 0.009568362634813275, -0.7595652098627481
-0.49742184118053945, 0.22167595779559154, -0.7595652098627481, 0.009684504942154322
Predictive distribution ~ N(-0.14907865309953727, 1.0184065947475711)

Add data point (0.367441864235599, 3.194772074208773)
Posterior mean:
	1.4648800521059744
	1.8919836130511527
	0.8787383482268879
	1.4463851298452242

Posterior variance:
0.008064516129032258, -0.3228699096165269, 0.1355285266988118, -0.5100072434771774
-0.3228699096165269, 0.009312849499212194, -0.5100072434771774, 0.2207838027290491
0.1355285266988118, -0.5100072434771774, 0.009566694027841266, -0.7634492923153231
-0.5100072434771774, 0.2207838027290491, -0.7634492923153231, 0.009684274120625034
Predictive distribution ~ N(2.350470216530104, 1.0095884756163052)

Add data point (-0.42518981377762155, -0.6195496392798026)
Posterior mean:
	1.491862453878753
	2.0029723819724734
	0.9391659445078211
	1.5302139281815625

Posterior variance:
0.008, -0.28389633744063497, 0.1322872623713365, -0.4907674396062313
-0.28389633744063497, 0.009297196401607451, -0.4907674396062313, 0.21920203324049797
0.1322872623713365, -0.4907674396062313, 0.009563703695878336, -0.7554345183212238
-0.4907674396062313, 0.21920203324049797, -0.7554345183212238, 0.009683719997331076
Predictive distribution ~ N(0.692382119430771, 1.0096083829379605)

Add data point (-0.8265187567676258, -0.6849973312995942)
Posterior mean:
	1.512320640363599
	2.1063340767142544
	0.9969972534664212
	1.6092215608304208

Posterior variance:
0.007936507936507936, -0.2299415528090007, 0.12132329687855864, -0.38428321014095784
-0.2299415528090007, 0.009238520488162318, -0.38428321014095784, 0.1988596384409687
0.12132329687855864, -0.38428321014095784, 0.009521209551321408, -0.5849821595317112
-0.38428321014095784, 0.1988596384409687, -0.5849821595317112, 0.009653916854776384
Predictive distribution ~ N(-0.4561246212321385, 1.0196109995432674)

Add data point (-0.8810402362470207, -0.45062084361833254)
Posterior mean:
	1.5315991786102425
	2.1983902097721217
	1.0560901253019537
	1.6806088226555143

Posterior variance:
0.007874015748031496, -0.19120563210049432, 0.11088107061282343, -0.3043084932076939
-0.19120563210049432, 0.009172740616102786, -0.3043084932076939, 0.17758177537400782
0.11088107061282343, -0.3043084932076939, 0.009466899170771701, -0.44636634602054914
-0.3043084932076939, 0.17758177537400782, -0.44636634602054914, 0.009610523318170196
Predictive distribution ~ N(-0.7348543558182544, 1.0223132693057242)

Add data point (0.3396830216025797, 4.187986283339523)
Posterior mean:
	1.5609749930160102
	2.2877409792649783
	1.115522183344845
	1.747210031356751

Posterior variance:
0.0078125, -0.2044869155256896, 0.10948038264703852, -0.3079818294881247
-0.2044869155256896, 0.00916304251974641, -0.3079818294881247, 0.1771629176027158
0.10948038264703852, -0.3079818294881247, 0.009465706127683549, -0.4472692252468258
-0.3079818294881247, 0.1771629176027158, -0.4472692252468258, 0.009610381435059294
Predictive distribution ~ N(2.5352762469846524, 1.0091718386290958)

Add data point (-0.014508013194973524, 2.1413394724615125)
Posterior mean:
	1.5890745496107146
	2.369318592628922
	1.1731634535402136
	1.8089064113170177

Posterior variance:
0.007751937984496124, -0.20388205885235508, 0.1094778598722078, -0.30798153983807575
-0.20388205885235508, 0.00916302484739048, -0.30798153983807575, 0.17716291621219526
0.1094778598722078, -0.30798153983807575, 0.00946570612371403, -0.4472692251182445
-0.30798153983807575, 0.17716291621219526, -0.4472692251182445, 0.009610381435058433
Predictive distribution ~ N(1.5549418506948738, 1.00780866408417)

Add data point (0.9014068755209084, 8.547257344428267)
Posterior mean:
	1.6289647767236044
	2.463304227715833
	1.2464548062757665
	1.8821555612282148

Posterior variance:
0.007692307692307693, -0.24978833049618504, 0.10053483192539035, -0.3976896142190795
-0.24978833049618504, 0.009095307802453632, -0.3976896142190795, 0.15861096883567974
0.10053483192539035, -0.3976896142190795, 0.009406918774676781, -0.6095070332168252
-0.3976896142190795, 0.15861096883567974, -0.6095070332168252, 0.009561089800453323
Predictive distribution ~ N(6.240727503614395, 1.0258217100082416)

Add data point (-0.548070609912507, -0.9404102692837397)
Posterior mean:
	1.6489225222066464
	2.5534301127154126
	1.3131455687731854
	1.950271299540716

Posterior variance:
0.007633587786259542, -0.21970971025713093, 0.09758779821707582, -0.3732521515838386
-0.21970971025713093, 0.009070526568466122, -0.3732521515838386, 0.15637306601006865
0.09758779821707582, -0.3732521515838386, 0.009398941172401379, -0.5916732602753316
-0.3732521515838386, 0.15637306601006865, -0.5916732602753316, 0.009558612827006858
Predictive distribution ~ N(0.32283343825788907, 1.0105708789052155)

Add data point (-0.0482935169256129, 0.34574425401019204)
Posterior mean:
	1.6540734335686917
	2.6339338687680476
	1.3783079015848008
	2.011645441737318

Posterior variance:
0.007575757575757576, -0.21740294444252603, 0.09756559224078074, -0.37323646050216663
-0.21740294444252603, 0.00907033468680064, -0.37323646050216663, 0.15637293300173027
0.09756559224078074, -0.37323646050216663, 0.00939894069187949, -0.5916731683134211
-0.37323646050216663, 0.15637293300173027, -0.5916731683134211, 0.009558612825847752
Predictive distribution ~ N(1.5298595031848905, 1.0076353820131696)

Add data point (-0.9115035357692509, -0.6037412357634258)
Posterior mean:
	1.6603662746856878
	2.7012296577765107
	1.445832961401504
	2.0633992321062524

Posterior variance:
0.007518796992481203, -0.18144680163284965, 0.09024982672307529, -0.2909870495673254
-0.18144680163284965, 0.009002492041445272, -0.2909870495673254, 0.14113804993320897
0.09024982672307529, -0.2909870495673254, 0.00933835324695408, -0.4311596069848703
-0.2909870495673254, 0.14113804993320897, -0.4311596069848703, 0.009506497488371523
Predictive distribution ~ N(-1.1631979802105001, 1.0235096298520459)

Add data point (-0.21224497598064507, 3.0053598035699625)
Posterior mean:
	1.6772899299583066
	2.7580869937109362
	1.5107705536554463
	2.1105843874012757

Posterior variance:
0.007462686567164179, -0.1747181990097622, 0.08988439561303829, -0.2901797160756825
-0.1747181990097622, 0.008998842618146185, -0.2901797160756825, 0.14109763763669841
0.08988439561303829, -0.2901797160756825, 0.00933817628412933, -0.4310795530680013
-0.2901797160756825, 0.14109763763669841, -0.4310795530680013, 0.009506489226751593
Predictive distribution ~ N(1.139777195456107, 1.0077454106273214)

Add data point (-0.500027346071727, -0.13691197621222556)
Posterior mean:
	1.6841905947638243
	2.8111608095541882
	1.572084825194986
	2.1540841096365084

Posterior variance:
0.007407407407407408, -0.16068052530285684, 0.0879087728006065, -0.28002099774899414
-0.16068052530285684, 0.008978641064129643, -0.28002099774899414, 0.1398639631102942
0.0879087728006065, -0.28002099774899414, 0.00933272817610993, -0.42534802237094954
-0.28002099774899414, 0.1398639631102942, -0.42534802237094954, 0.009505076889767688
Predictive distribution ~ N(0.4022928181755557, 1.0095270937709582)

Add data point (0.2439074082309829, 1.6517994865961572)
Posterior mean:
	1.6810774491147547
	2.856144969544267
	1.6315273079287307
	2.1934786000607005

Posterior variance:
0.007352941176470588, -0.167234646858, 0.08745142238530695, -0.28116341402269807
-0.167234646858, 0.008973847712508327, -0.28116341402269807, 0.13979476460674406
0.08745142238530695, -0.28116341402269807, 0.009332419926273592, -0.4255042555546345
-0.28116341402269807, 0.13979476460674406, -0.4255042555546345, 0.009505057867585013
Predictive distribution ~ N(2.506601198409127, 1.008105736136096)

Add data point (-0.012754516047038589, 0.9774346826522446)
Posterior mean:
	1.6717007948468314
	2.8956596795329954
	1.6900968195274997
	2.229227939392437

Posterior variance:
0.0072992700729927005, -0.16687869510415312, 0.08745017828457413, -0.28116324999797376
-0.16687869510415312, 0.008973834612103224, -0.28116324999797376, 0.13979476408956878
0.08745017828457413, -0.28116324999797376, 0.009332419923968733, -0.4255042554935224
-0.28116324999797376, 0.13979476408956878, -0.4255042554935224, 0.009505057867584625
Predictive distribution ~ N(1.6350383726568678, 1.0073768386820552)

Add data point (0.62813770735876, 5.194900313880964)
Posterior mean:
	1.6656282530646727
	2.9329749916752665
	1.748985190310716
	2.2628081662464736

Posterior variance:
0.007246376811594203, -0.18641973374791515, 0.0845334301991064, -0.302222867123517
-0.18641973374791515, 0.008942173157269551, -0.302222867123517, 0.13681726746278586
0.0845334301991064, -0.302222867123517, 0.00931888120703958, -0.4439773231821617
-0.302222867123517, 0.13681726746278586, -0.4439773231821617, 0.009499511798921188
Predictive distribution ~ N(4.758820342021889, 1.0127565399687004)

Add data point (-0.2295466079249373, 1.3778607785782198)
Posterior mean:
	1.6607023305524136
	2.9651150872505396
	1.8062031986191491
	2.2935076564373587

Posterior variance:
0.007194244604316547, -0.17876981278500817, 0.08415857062988916, -0.30112213247558683
-0.17876981278500817, 0.008937961787960101, -0.30112213247558683, 0.13676531568633993
0.08415857062988916, -0.30112213247558683, 0.009318640105583833, -0.44385173374724696
-0.30112213247558683, 0.13676531568633993, -0.44385173374724696, 0.009499498597300626
Predictive distribution ~ N(1.047501631029248, 1.0075337079051936)

Add data point (-0.13703439852520516, 1.056185306825666)
Posterior mean:
	1.6526685717280505
	2.9935167507561005
	1.8618440664952876
	2.3216405689094533

Posterior variance:
0.007142857142857143, -0.17449509923918355, 0.08402577918544236, -0.30088898122196855
-0.17449509923918355, 0.008936461884535144, -0.30088898122196855, 0.13675872016102178
0.08402577918544236, -0.30088898122196855, 0.009318609484395331, -0.4438422142389606
-0.30088898122196855, 0.13675872016102178, -0.4438422142389606, 0.009499497999744193
Predictive distribution ~ N(1.2714420507403064, 1.0072765011223543)

Add data point (-0.5611572428754996, -2.8775279999143404)
Posterior mean:
	1.6237782292941065
	3.031913208526961
	1.9099375548054986
	2.350827871168267

Posterior variance:
0.0070921985815602835, -0.15893255261563502, 0.08185980925920137, -0.2856986185607729
-0.15893255261563502, 0.00891138463266531, -0.2856986185607729, 0.13492894202502323
0.08185980925920137, -0.2856986185607729, 0.009310006692916215, -0.43314466150994346
-0.2856986185607729, 0.13492894202502323, -0.43314466150994346, 0.00949668104451837
Predictive distribution ~ N(0.10842493398467778, 1.0100349403250897)

Add data point (0.5192218632643437, 4.26411448182683)
Posterior mean:
	1.6026469529433027
	3.0657337140659284
	1.959300715174216
	2.376823123727757

Posterior variance:
0.007042253521126761, -0.17322750382256472, 0.0800922771477033, -0.2976000744122704
-0.17322750382256472, 0.0088900269460827, -0.2976000744122704, 0.13361860224783562
0.0800922771477033, -0.2976000744122704, 0.009303711368618984, -0.44034226966255563
-0.2976000744122704, 0.13361860224783562, -0.44034226966255563, 0.00949491427162302
Predictive distribution ~ N(4.055355716662709, 1.0103577896116325)

Add data point (0.7697578435595656, 6.763385088295783)
Posterior mean:
	1.5886674091032416
	3.09839349657917
	2.011174235560918
	2.4020330703143213

Posterior variance:
0.006993006993006993, -0.19988017145486897, 0.07646355773140297, -0.3443393602767649
-0.19988017145486897, 0.008843443380960015, -0.3443393602767649, 0.12763117586843636
0.07646355773140297, -0.3443393602767649, 0.009273420434222029, -0.49982314544548284
-0.3443393602767649, 0.12763117586843636, -0.49982314544548284, 0.009476196685005135
Predictive distribution ~ N(6.2609284953379785, 1.017004891022216)

Add data point (-0.06648490156526798, 2.1886989377049435)
Posterior mean:
	1.5813745282470466
	3.126203896320285
	2.0613640483400206
	2.4246062877701497

Posterior variance:
0.006944444444444444, -0.1972587966386055, 0.07643772274119229, -0.34430451864543926
-0.1972587966386055, 0.008843097702846532, -0.34430451864543926, 0.127630857591933
0.07643772274119229, -0.34430451864543926, 0.009273418753979622, -0.49982282092090397
-0.34430451864543926, 0.127630857591933, -0.49982282092090397, 0.009476196677249697
Predictive distribution ~ N(1.3819283563994964, 1.0070283928788877)

Add data point (-0.19695984086679275, 0.843717276747749)
Posterior mean:
	1.571967652494766
	3.1505186292288863
	2.1100177310841226
	2.4448677205007616

Posterior variance:
0.006896551724137931, -0.18988150864483952, 0.07621173496019545, -0.3434011240482434
-0.18988150864483952, 0.008840065101970508, -0.3434011240482434, 0.12760634785187122
0.07621173496019545, -0.3434011240482434, 0.009273289339038001, -0.4997487826530673
-0.3434011240482434, 0.12760634785187122, -0.4997487826530673, 0.009476191434803287
Predictive distribution ~ N(1.0146158032407948, 1.007158482829298)

Add data point (0.12918945895424527, 1.0335877896256789)
Posterior mean:
	1.5555190667425831
	3.170108316189284
	2.1578528943763677
	2.463046358847818

Posterior variance:
0.00684931506849315, -0.19465656845900067, 0.07611491925831315, -0.34365557632784705
-0.19465656845900067, 0.008838761031639166, -0.34365557632784705, 0.12760181222375136
0.07611491925831315, -0.34365557632784705, 0.00927326538521606, -0.4997577703143591
-0.34365557632784705, 0.12760181222375136, -0.4997577703143591, 0.009476191017328639
Predictive distribution ~ N(2.0063887542770162, 1.0071350502213585)

Add data point (-0.38450573083060924, 1.6930923939573304)
Posterior mean:
	1.5488724627232835
	3.183189503158921
	2.205299558083282
	2.479380393373298

Posterior variance:
0.006802721088435374, -0.1811017261397078, 0.07526791554533727, -0.33707062226795576
-0.1811017261397078, 0.008827225934157737, -0.33707062226795576, 0.12724690459289104
0.07526791554533727, -0.33707062226795576, 0.009271386117620465, -0.49766744982663125
-0.33707062226795576, 0.12724690459289104, -0.49766744982663125, 0.00947590083482981
Predictive distribution ~ N(0.5100139837237432, 1.0078919573001317)

Add data point (-0.30266744965607684, 0.03973746067757988)
Posterior mean:
	1.5364874632602064
	3.196051772578734
	2.250885967779624
	2.4945954447584815

Posterior variance:
0.006756756756756757, -0.1716907390607856, 0.07475248876472913, -0.3339495849412038
-0.1716907390607856, 0.008820093646127637, -0.3339495849412038, 0.12711116897993788
0.07475248876472913, -0.3339495849412038, 0.009270664813494282, -0.4970391623088776
-0.3339495849412038, 0.12711116897993788, -0.4970391623088776, 0.009475831805738806
Predictive distribution ~ N(0.7061781168483431, 1.0073707641543495)

Add data point (-0.7358429439259893, 0.524835540786281)
Posterior mean:
	1.5315501744038496
	3.2005379078756073
	2.2996131047233566
	2.505309023469824

Posterior variance:
0.006711409395973154, -0.15243277563505267, 0.07184452111923682, -0.29473337534994926
-0.15243277563505267, 0.008778171114785887, -0.29473337534994926, 0.12254431221742092
0.07184452111923682, -0.29473337534994926, 0.009245535335865914, -0.44890327005170155
-0.29473337534994926, 0.12254431221742092, -0.44890327005170155, 0.009461598930037266
Predictive distribution ~ N(-0.5765814162459977, 1.013638684324214)

Add data point (-0.6995064203266463, -0.9163315940399993)
Posterior mean:
	1.5214138142643852
	3.207323494107469
	2.344253635051215
	2.517090954330811

Posterior variance:
0.006666666666666667, -0.13774530938936647, 0.06940465680351621, -0.2677252881402992
-0.13774530938936647, 0.008740628018235174, -0.2677252881402992, 0.11905134675712316
0.06940465680351621, -0.2677252881402992, 0.009225114634501244, -0.4175139246995009
-0.2677252881402992, 0.11905134675712316, -0.4175139246995009, 0.009451122865299666
Predictive distribution ~ N(-0.43660179490250584, 1.0123685823124755)

Add data point (0.1160088245889841, 1.2435212827717979)
Posterior mean:
	1.5065162706717212
	3.2122261638808545
	2.3877480749671487
	2.5282857446907214

Posterior variance:
0.006622516556291391, -0.13998217861030146, 0.06933988979902701, -0.2678372405474684
-0.13998217861030146, 0.00873959996348235, -0.2678372405474684, 0.1190487797719096
0.06933988979902701, -0.2678372405474684, 0.009225099220800479, -0.41751758739547634
-0.2678372405474684, 0.1190487797719096, -0.41751758739547634, 0.009451122647572327
Predictive distribution ~ N(1.9152445708159864, 1.00691440248693)

Add data point (0.7769440913684258, 5.753027911244471)
Posterior mean:
	1.487267357487174
	3.2100431124229774
	2.4256042083867895
	2.53530975132851

Posterior variance:
0.006578947368421052, -0.15706422038287454, 0.06655416677137174, -0.3063148739252081
-0.15706422038287454, 0.00869373537434417, -0.3063148739252081, 0.11409921865025842
0.06655416677137174, -0.3063148739252081, 0.009194193153771384, -0.4734842124139555
-0.3063148739252081, 0.11409921865025842, -0.4734842124139555, 0.00943151599225799
Predictive distribution ~ N(6.634538842765022, 1.0167896523314843)

Add data point (0.7089406258730087, 5.152592475541549)
Posterior mean:
	1.4662563822863603
	3.203115071019577
	2.459843402525884
	2.540102931135865

Posterior variance:
0.006535947712418301, -0.17674459030155618, 0.06439999268462704, -0.34384309573952715
-0.17674459030155618, 0.00865591384633748, -0.34384309573952715, 0.11090279296939644
0.06439999268462704, -0.34384309573952715, 0.009172889248097746, -0.5173514729767158
-0.34384309573952715, 0.11090279296939644, -0.5173514729767158, 0.009420236164135528
Predictive distribution ~ N(5.87845160702042, 1.0139658157603317)

Add data point (-0.6283677900953972, -0.1265111041322439)
Posterior mean:
	1.4494367008302398
	3.196323659750435
	2.493842257609866
	2.5451679812995898

Posterior variance:
0.006493506493506494, -0.15907736183744525, 0.06280303187449357, -0.3168154391974274
-0.15907736183744525, 0.008626430830897376, -0.3168154391974274, 0.10901786048603346
0.06280303187449357, -0.3168154391974274, 0.009159789971088121, -0.49239578251721505
-0.3168154391974274, 0.10901786048603346, -0.49239578251721505, 0.009414776633561904
Predictive distribution ~ N(-0.20582425398670134, 1.0105006296761145)

Add data point (-0.5616209867396558, -1.0820158634354158)
Posterior mean:
	1.4284737759578758
	3.1947910839004865
	2.525056859732579
	2.5518117571809618

Posterior variance:
0.0064516129032258064, -0.14603079736554428, 0.061583118634344604, -0.2999798468480337
-0.14603079736554428, 0.008603022585383402, -0.2999798468480337, 0.10784813592109607
0.061583118634344604, -0.2999798468480337, 0.009151450303236414, -0.47921144987896946
-0.2999798468480337, 0.10784813592109607, -0.47921144987896946, 0.009411995949026216
Predictive distribution ~ N(-0.02138104928130402, 1.009248443247491)

Add data point (-0.20981731999801023, -0.7208739663116044)
Posterior mean:
	1.401796117358728
	3.1951110409650134
	2.557093442982929
	2.557963137688161

Posterior variance:
0.00641025641025641, -0.14168946193021884, 0.06141661251155968, -0.29915093861105996
-0.14168946193021884, 0.008599765565976492, -0.29915093861105996, 0.10782559872605016
0.06141661251155968, -0.29915093861105996, 0.009151287996146708, -0.4791180865283694
-0.29915093861105996, 0.10782559872605016, -0.4791180865283694, 0.009411988390952433
Predictive distribution ~ N(0.8203506652018467, 1.0066875445863304)

Add data point (0.7932540409459357, 6.055425627952149)
Posterior mean:
	1.3766560489127624
	3.189322270957903
	2.5856728248982086
	2.560475465662688

Posterior variance:
0.006369426751592357, -0.1596313447713348, 0.05913138979943668, -0.3516622692497666
-0.1596313447713348, 0.008553479102761871, -0.3516622692497666, 0.10341054612069457
0.05913138979943668, -0.3516622692497666, 0.009118247787171596, -0.5639926320394204
-0.3516622692497666, 0.10341054612069457, -0.5639926320394204, 0.009389968291942372
Predictive distribution ~ N(6.811716964998148, 1.016957982634515)

Add data point (0.4608368611497351, 4.0636078778150075)
Posterior mean:
	1.360120039543058
	3.185632063471578
	2.6150682107331296
	2.563611882207527

Posterior variance:
0.006329113924050633, -0.17230693337329367, 0.058398040666934395, -0.3641966639806788
-0.17230693337329367, 0.008537969815729782, -0.3641966639806788, 0.10293048372836446
0.058398040666934395, -0.3641966639806788, 0.009114499498288403, -0.5706822894102519
-0.3641966639806788, 0.10293048372836446, -0.5706822894102519, 0.009389123844834407
Predictive distribution ~ N(3.634436455435964, 1.008619375888613)

Add data point (0.6581385793001304, 5.469794092934534)
Posterior mean:
	1.3473929372357887
	3.1830733398658366
	2.644435602095407
	2.567347168129538

Posterior variance:
0.006289308176100629, -0.1943461437345848, 0.05695731115021158, -0.406388608047577
-0.1943461437345848, 0.008506511114586715, -0.406388608047577, 0.10098041216084673
0.05695731115021158, -0.406388608047577, 0.009098940091742789, -0.6139446658705142
-0.406388608047577, 0.10098041216084673, -0.6139446658705142, 0.009381965329040886
Predictive distribution ~ N(5.319598590817028, 1.0119582107262572)

Add data point (0.15610200344485992, 0.7428389379024788)
Posterior mean:
	1.328787568113198
	3.178834719058328
	2.6738350234158155
	2.571223849587458

Posterior variance:
0.00625, -0.2004266519040255, 0.05687836816216348, -0.407017795936178
-0.2004266519040255, 0.008504748205615233, -0.407017795936178, 0.10097435760700596
0.05687836816216348, -0.407017795936178, 0.009098890931595834, -0.6139796060845406
-0.407017795936178, 0.10097435760700596, -0.6139796060845406, 0.00938196405542505
Predictive distribution ~ N(1.899946204290976, 1.006611781173041)

Add data point (-0.23299901620828356, 2.128663441987246)
Posterior mean:
	1.3228547739271597
	3.1723670535309028
	2.702161194062352
	2.5755881585407687

Posterior variance:
0.006211180124223602, -0.19148447755495895, 0.05670327730719797, -0.40493302254503777
-0.19148447755495895, 0.008500823287295825, -0.40493302254503777, 0.10094431695725303
0.05670327730719797, -0.40493302254503777, 0.009098646936205573, -0.6137208472071534
-0.40493302254503777, 0.10094431695725303, -0.6137208472071534, 0.009381949971899001
Predictive distribution ~ N(0.697813691759383, 1.0065886618567363)

Add data point (0.24682126614755062, 2.3970840196768934)
Posterior mean:
	1.316719158627188
	3.166944028707403
	2.7289210859837763
	2.5804668896593634

Posterior variance:
0.006172839506172839, -0.20098344584596864, 0.05650807550220619, -0.4074136784595627
-0.20098344584596864, 0.008496423190042797, -0.4074136784595627, 0.10090651351231297
0.05650807550220619, -0.4074136784595627, 0.00909833970221327, -0.6140660695185326
-0.4074136784595627, 0.10090651351231297, -0.6140660695185326, 0.00938193007063049
Predictive distribution ~ N(2.3034374554865273, 1.0068463041710893)

Add data point (0.38530229091913104, 2.1823312838425917)
Posterior mean:
	1.3045001208384133
	3.1589921283010685
	2.7539207500234997
	2.5854031148285825

Posterior variance:
0.006134969325153374, -0.21785391870302923, 0.05603796918488016, -0.41713480984250895
-0.21785391870302923, 0.008485719636228673, -0.41713480984250895, 0.10068260016176646
0.05603796918488016, -0.41713480984250895, 0.00909651562346885, -0.6172849790146296
-0.41713480984250895, 0.10068260016176646, -0.6172849790146296, 0.009381642078514335
Predictive distribution ~ N(3.0783962293227027, 1.0076199952459812)

Add data point (0.11548213185262068, 1.3387277772102166)
Posterior mean:
	1.2919751704442015
	3.1514498971677916
	2.7785668408487902
	2.590824599154612

Posterior variance:
0.006097560975609756, -0.223476185076093, 0.05599612164600228, -0.41740295893670515
-0.223476185076093, 0.008484759444859628, -0.41740295893670515, 0.10068079730908909
0.05599612164600228, -0.41740295893670515, 0.009096500906830854, -0.6172928052136334
-0.41740295893670515, 0.10068079730908909, -0.6172928052136334, 0.00938164186975473
Predictive distribution ~ N(1.6969567187544343, 1.0063513076072053)

Add data point (-0.09555725155995343, 0.732778742201643)
Posterior mean:
	1.2799504258008516
	3.1448173906065042
	2.80285814486379
	2.59662999160541

Posterior variance:
0.006060606060606061, -0.21880368274819958, 0.05596750483773404, -0.4172509938391742
-0.21880368274819958, 0.0084841021311026, -0.4172509938391742, 0.10067995213875153
0.05596750483773404, -0.4172509938391742, 0.009096494007563021, -0.6172897692361644
-0.4172509938391742, 0.10067995213875153, -0.6172897692361644, 0.009381641802744733
Predictive distribution ~ N(1.002768052096885, 1.0061959465709827)

Add data point (0.20731075437237645, 1.152900798158511)
Posterior mean:
	1.2644210870016819
	3.136969716094281
	2.827043419593051
	2.6027502981751502

Posterior variance:
0.006024096385542169, -0.22920028960128952, 0.05583320602422957, -0.41880795506811996
-0.22920028960128952, 0.008481009720790515, -0.41880795506811996, 0.10066123271080606
0.05583320602422957, -0.41880795506811996, 0.00909634117070309, -0.6174357144932524
-0.41880795506811996, 0.10066123271080606, -0.6174357144932524, 0.009381634815783028
Predictive distribution ~ N(2.059438460719282, 1.0065220032317332)

Add data point (0.5804906720881267, 2.9559968016868967)
Posterior mean:
	1.2430768891748678
	3.121868773906753
	2.8474446004050797
	2.606852630178269

Posterior variance:
0.005988023952095809, -0.2643750244513216, 0.05480215375103227, -0.45617906618834914
-0.2643750244513216, 0.008456841413262332, -0.45617906618834914, 0.09952368486146863
0.05480215375103227, -0.45617906618834914, 0.009086955482492345, -0.6436298551352905
-0.45617906618834914, 0.09952368486146863, -0.6436298551352905, 0.009378268362030866
Predictive distribution ~ N(4.524714548863401, 1.0098285265299725)

Add data point (0.27994524720462954, 0.746077035668735)
Posterior mean:
	1.2179222869204611
	3.104424851110397
	2.86872062527748
	2.6118026085448074

Posterior variance:
0.005952380952380952, -0.2855054333403195, 0.05456779550822292, -0.46079073795202385
-0.2855054333403195, 0.008451240293820087, -0.46079073795202385, 0.09946288817530835
0.05456779550822292, -0.46079073795202385, 0.009086448369242306, -0.6443429030653032
-0.46079073795202385, 0.09946288817530835, -0.6443429030653032, 0.009378226028748495
Predictive distribution ~ N(2.3691116784671484, 1.0067246184019303)

Add data point (0.4784365527706327, 3.7193024041560423)
Posterior mean:
	1.2008460819254112
	3.0894347648698313
	2.8908784327835524
	2.6179275800151918

Posterior variance:
0.005917159763313609, -0.33067429749702987, 0.053894616599261244, -0.48527961359483374
-0.33067429749702987, 0.008434922919607029, -0.48527961359483374, 0.09894722975261307
0.053894616599261244, -0.48527961359483374, 0.009082124435590786, -0.6549214997536902
-0.48527961359483374, 0.09894722975261307, -0.6549214997536902, 0.009377171305155443
Predictive distribution ~ N(3.627373087609627, 1.0082056247031923)

Add data point (0.09913065506692087, 2.7350751424441917)
Posterior mean:
	1.1954264212684922
	3.077419723810035
